# goal color palette
goal.col <- c("1" = "#ea1d2d", 
              "2" = "#d19f2a",
              "3" = "#2d9a47", 
              "4" = "#c22033",
              "5" = "#ef412a", 
              "6" = "#00add9",
              "7" = "#fdb714", 
              "8" = "#8f1838",
              "9" = "#f36e24", 
              "10" = "#e01a83",
              "11" = "#f99d25", 
              "12" = "#cd8b2a",
              "13" = "#48773c", 
              "14" = "#007dbb",
              "15" = "#40ae49", 
              "16" = "#00558a",
              "17" = "#1a3668")