Target,9.1,9.2,9.4,9.5,9.a,9.b,9.c
9.1,1.0,-0.8067085724040506,0.8900838471070921,-0.8330811549099426,0.3674535946135032,-2.5412989257143083e-16,0.9109509728780337
9.2,-0.8067085724040506,1.0,-0.5800320712629626,0.7307128400460658,-0.34220781174337095,-1.543782878090648e-15,0.06997234147790872
9.4,0.8900838471070921,-0.5800320712629626,1.0,-0.9128081702985964,-0.060319308358732754,-1.4812925438497678e-15,0.7566803498362837
9.5,-0.8330811549099426,0.7307128400460658,-0.9128081702985964,1.0,0.06923878531426306,5.942603451088012e-16,-0.5596206531805076
9.a,0.3674535946135032,-0.34220781174337095,-0.060319308358732754,0.06923878531426306,1.0,1.0865380138831665e-16,-0.8209280481315898
9.b,-2.5412989257143083e-16,-1.543782878090648e-15,-1.4812925438497678e-15,5.942603451088012e-16,1.0865380138831665e-16,1.0,
9.c,0.9109509728780337,0.06997234147790872,0.7566803498362837,-0.5596206531805076,-0.8209280481315898,,1.0
