UniqueID,TimePeriod,EN_MAT_DOMCMPC             ALP            ,EN_MAT_DOMCMPC             BIM            ,EN_MAT_DOMCMPC             COL            ,EN_MAT_DOMCMPC             CPR            ,EN_MAT_DOMCMPC             CRO            ,EN_MAT_DOMCMPC             FEO            ,EN_MAT_DOMCMPC             FOF            ,EN_MAT_DOMCMPC             GBO            ,EN_MAT_DOMCMPC             MEO            ,EN_MAT_DOMCMPC             NFO            ,EN_MAT_DOMCMPC             NMA            ,EN_MAT_DOMCMPC             NMC            ,EN_MAT_DOMCMPC             NMM            ,EN_MAT_DOMCMPC             PET            ,EN_MAT_DOMCMPC             WCH            ,EN_MAT_DOMCMPC             WOD            ,EN_MAT_DOMCMPG             ALP            ,EN_MAT_DOMCMPG             BIM            ,EN_MAT_DOMCMPG             COL            ,EN_MAT_DOMCMPG             CPR            ,EN_MAT_DOMCMPG             CRO            ,EN_MAT_DOMCMPG             FEO            ,EN_MAT_DOMCMPG             FOF            ,EN_MAT_DOMCMPG             GBO            ,EN_MAT_DOMCMPG             MEO            ,EN_MAT_DOMCMPG             NFO            ,EN_MAT_DOMCMPG             NMA            ,EN_MAT_DOMCMPG             NMC            ,EN_MAT_DOMCMPG             NMM            ,EN_MAT_DOMCMPG             PET            ,EN_MAT_DOMCMPG             WCH            ,EN_MAT_DOMCMPG             WOD            ,EN_MAT_DOMCMPT             ALP            ,EN_MAT_DOMCMPT             BIM            ,EN_MAT_DOMCMPT             COL            ,EN_MAT_DOMCMPT             CPR            ,EN_MAT_DOMCMPT             CRO            ,EN_MAT_DOMCMPT             FEO            ,EN_MAT_DOMCMPT             FOF            ,EN_MAT_DOMCMPT             GBO            ,EN_MAT_DOMCMPT             MEO            ,EN_MAT_DOMCMPT             NFO            ,EN_MAT_DOMCMPT             NMA            ,EN_MAT_DOMCMPT             NMC            ,EN_MAT_DOMCMPT             NMM            ,EN_MAT_DOMCMPT             PET            ,EN_MAT_DOMCMPT             WCH            ,EN_MAT_DOMCMPT             WOD            
TimePeriod,1.0,0.9438216737627237,0.8937551222947498,0.9015832956372046,0.8965724224029092,0.9166135744466165,0.6804772774511983,0.9109840474638206,-0.393558435880553,0.9099798962242555,0.9129336016322511,-0.4867766165233421,-0.9947728656977208,-0.9595082475442717,0.7904754524150628,-0.8735301114398822,-0.7728280882692653,0.3897245004625005,-0.4184492807854013,0.8942386989226746,0.22180239350465195,0.23832002101711364,0.40246281357596697,0.8903956933040724,-0.9451846823551217,0.878519359407469,0.8863496708512711,-0.6188509691377772,-0.9907220657449548,-0.9802332465060303,0.7029802265354086,-0.9652201552572549,-0.9712792761531315,0.9895799489916136,0.9850767431005585,0.9138396197587739,0.9792231399794606,0.9841269541854111,0.8572889877143198,0.9378176421072563,0.9809120411523294,0.9435659194426861,0.9427985975879772,-0.2094436664145741,0.9905424889093813,0.8590222930223637,0.871189849459377,0.8709664843657706,0.9802831817766453
EN_MAT_DOMCMPC             ALP            ,0.9438216737627237,1.0,0.9481004354766029,0.8543143205177295,0.9473320784610771,0.9677472110077228,0.8644541781646508,0.9392185528311062,-0.6601950813920482,0.9718067927373559,0.9638081121092276,-0.5903060929157412,-0.9714343044889626,-0.9657378911033772,0.9003548060426785,-0.9702131346553798,-0.6878649559312415,0.6563354788913551,-0.2721395537350632,0.8490152884986094,0.366286284537708,0.40485397287721775,0.6476254161702665,0.928548634802709,-0.9995221812975823,0.9586931447856554,0.9520257025826526,-0.7102892293167752,-0.9785638655358109,-0.9822757091974028,0.8398738796798519,-0.9866693994305301,-0.9431098577136479,0.9815362169532919,0.968866729894,0.8600339409736629,0.9693741572352379,0.9737398425560932,0.9661415309607034,0.9478901488703856,0.864356114026514,0.9782829542773501,0.9701911404832474,-0.34272436955307845,0.8914728093376474,0.7070427663606155,0.9440863023848427,0.6768032327235546,0.938182712753156
EN_MAT_DOMCMPC             BIM            ,0.8937551222947498,0.9481004354766029,1.0,0.7312471136724844,0.9993391570279916,0.9974162087638863,0.9111352432390298,0.7897164700632019,-0.7093802206332315,0.8594695606789582,0.8405245791965618,-0.8030876665993884,-0.9284949302190835,-0.9827296727736914,0.7423674041805841,-0.9842772905858872,-0.5007309243335357,0.6894343182220233,0.0033143037485453175,0.7238490287701499,0.6189503437718726,0.6390424273452231,0.7464785189355541,0.7685916643079534,-0.9532870389816246,0.8408542996830654,0.8220400813671838,-0.8871734687405384,-0.9229646698005348,-0.9573069229819658,0.6683559523897036,-0.9712660110581214,-0.8408653981583943,0.9283284526083041,0.957592489439582,0.7408400384195899,0.9658160683545477,0.9588244507797782,0.9777684641401049,0.8113123741307039,0.8016859727662345,0.8746195100492503,0.8566256916590692,-0.5984234157213794,0.8325894150708405,0.5411155532485277,0.8033375862971451,0.5702093958924778,0.9347401788319456
EN_MAT_DOMCMPC             COL            ,0.9015832956372046,0.8543143205177295,0.7312471136724844,1.0,0.7459874562408534,0.7728505996689083,0.5276407378588316,0.9408733602298649,-0.25568900915364484,0.8249349929309112,0.8348384591303778,-0.3107511781030254,-0.8890519526148066,-0.8264430025809089,0.7383178665958243,-0.7362984323749298,-0.9553738356489783,0.2383156691214986,-0.6210300794303327,0.9998490487907009,-0.01269992799520436,-0.0073116804876048,0.2301891253515512,0.9316230241481708,-0.8586124660005087,0.7885977180365817,0.8052437402433995,-0.44994616674449195,-0.908165800980431,-0.8818879559361168,0.6534209746983399,-0.8642537247496535,-0.9707427170810761,0.8947611512902633,0.8581157489937076,0.9994156147359166,0.8531794155056981,0.862423641914581,0.7139435267552597,0.9493828592160005,0.9039657147922775,0.8553032282554538,0.8605678179566558,-0.04523133323359831,0.9067755862772202,0.849131497232211,0.8077219138852353,0.8448635063727081,0.8029955145666429
EN_MAT_DOMCMPC             CPR            ,0.8965724224029092,0.9473320784610771,0.9993391570279916,0.7459874562408534,1.0,0.9973229699628783,0.9038982737094325,0.7935590528472947,-0.6970685595340805,0.8538809247985732,0.8351653952341167,-0.805914053087574,-0.9300425788279933,-0.9847347800658046,0.7332900327165132,-0.9816007833664948,-0.5181124678126835,0.674538430631144,-0.0060937523622594785,0.7389608499904096,0.6140112033054582,0.6311690582554865,0.7353879716727829,0.7721383672432613,-0.9533090099780069,0.8333471918481639,0.815033781271999,-0.8902520256559121,-0.9253977717843742,-0.9599346264617754,0.6563987047422414,-0.9735453328585271,-0.847960525370728,0.9296067499059135,0.9591148428271526,0.7550050429626644,0.9677308617163332,0.9603870565322311,0.9736900929059178,0.815305972153863,0.8072427791357792,0.8707068211639427,0.8527655689641204,-0.6007241309569937,0.8373638136494879,0.54470297110236,0.7967870614203427,0.5782113684721074,0.9326943253231347
EN_MAT_DOMCMPC             CRO            ,0.9166135744466165,0.9677472110077228,0.9974162087638863,0.7728505996689083,0.9973229699628783,1.0,0.9030058475239404,0.831674748399497,-0.6945738725303229,0.8895038479681114,0.8731331357448803,-0.763127719595599,-0.9488388456709693,-0.9898799720115148,0.7786892128671864,-0.988030050160608,-0.5559909796569034,0.6769687347953586,-0.06458756104384993,0.7659294025432876,0.5642707752315599,0.5869624393624905,0.7221272995526378,0.8122702656123868,-0.9720905169904286,0.8707094106851146,0.8549281185220662,-0.85639742136289,-0.9461006569987629,-0.9737766580501134,0.70510128415374,-0.9851568605143648,-0.8756098058578677,0.9504468283144367,0.9710792738339628,0.7816324463961859,0.9776817976697533,0.9729962344074234,0.9811462784555671,0.8511613702025688,0.8289184268465255,0.904223464444857,0.8884252643267218,-0.5459266563103048,0.8585735741224833,0.5884901281862635,0.8383957372736685,0.6075725530411297,0.9455357669990574
EN_MAT_DOMCMPC             FEO            ,0.6804772774511983,0.8644541781646508,0.9111352432390298,0.5276407378588316,0.9038982737094325,0.9030058475239404,1.0,0.6845163659821449,-0.9362064866205874,0.8023143408646235,0.7725277682724208,-0.8041300194571434,-0.750949062927149,-0.83347512521649,0.7640180484732958,-0.9495343147237756,-0.28084400763492756,0.9237090742606153,0.20586889396693664,0.5229952240759265,0.7135142515110069,0.7608935798522052,0.9426307766405332,0.6783488813445101,-0.8653936678626724,0.8114337453706391,0.7770325491743121,-0.8586140072076323,-0.7570041344765763,-0.8037806833405672,0.7379588013374022,-0.8394726329996891,-0.65784771932306,0.7687110657803362,0.7855053086840166,0.5293662447323868,0.7995372402547888,0.7930984704689883,0.960582820514642,0.681853443543596,0.526351344811603,0.7806627158431153,0.7563107462145153,-0.6694313589282641,0.5745509660215365,0.2635508974895327,0.7682921867838768,0.2334189680118022,0.7430483718921843
EN_MAT_DOMCMPC             FOF            ,0.9109840474638206,0.9392185528311062,0.7897164700632019,0.9408733602298649,0.7935590528472947,0.831674748399497,0.6845163659821449,1.0,-0.47354418710500307,0.9581466092965665,0.9638460556607784,-0.314353726815607,-0.9209123572221081,-0.8542220524878626,0.9231402644147461,-0.8361051873760471,-0.8682673114330508,0.4778206709409412,-0.565037066488865,0.939183933011837,0.044355309749394944,0.08548817336202401,0.41902722094479705,0.9988191297115048,-0.9358854033752662,0.9436949641836005,0.953048262772456,-0.45983055672076645,-0.9415382052407505,-0.9133633483683722,0.8702053782719439,-0.9044895336609067,-0.9730307355469783,0.9376502532746087,0.886153943940236,0.9410117829794178,0.8794674313307188,0.8936379940038662,0.8290568398756657,0.9973725122633049,0.8678165950116311,0.9636751309051804,0.9672803105116169,-0.04469927893847064,0.8838937686032351,0.8274430371317179,0.9573343894272639,0.7599929405739643,0.842257425463556
EN_MAT_DOMCMPC             GBO            ,-0.393558435880553,-0.6601950813920482,-0.7093802206332315,-0.25568900915364484,-0.6970685595340805,-0.6945738725303229,-0.9362064866205874,-0.47354418710500307,1.0,-0.6237557029003175,-0.5877433810330734,0.7129855476898674,0.48505200353064226,0.5867603225632251,-0.652641448038015,0.783265232668561,0.021929268154424378,-0.9946934180044902,-0.38604058525052093,-0.25356291351261634,-0.7231045699170892,-0.7852871581968422,-0.9858397606405228,-0.4795399435484984,0.6578139316304794,-0.6549288057421875,-0.6107237507070987,0.7297747941836128,0.49776688647995976,0.5519946219535206,-0.670143684082836,0.6020064469239687,0.39046953414275354,-0.5139325419185351,-0.5232852681435394,-0.251391009709016,-0.5409249608630222,-0.5345651865053711,-0.8077571958021875,-0.45265159317147874,-0.2073217482409058,-0.5748691788490385,-0.5474615714437576,0.6626440261594675,-0.2637417755226817,0.0312336516655732,-0.6099380238134978,0.10071284155577516,-0.47356520874868085
EN_MAT_DOMCMPC             MEO            ,0.9099798962242555,0.9718067927373559,0.8594695606789582,0.8249349929309112,0.8538809247985732,0.8895038479681114,0.8023143408646235,0.9581466092965665,-0.6237557029003175,1.0,0.9988313660767052,-0.4095029493490397,-0.934739928968809,-0.8896747345101166,0.9713816687665671,-0.9087874850968688,-0.6994156423841857,0.6396669604358581,-0.39550103500819805,0.8197302395594894,0.20182017111725273,0.2592871617423809,0.5781540903368036,0.9551041830213367,-0.9650205497556765,0.9973354021975795,0.9973042440244467,-0.5438212439764087,-0.945259432394247,-0.9286467020336735,0.9322675753199586,-0.9272936177939597,-0.923578503571846,0.9507429490785451,0.9127755157260498,0.8304468505254186,0.9067555254123334,0.9191322913053926,0.9111172369837375,0.9587638826313692,0.835646425578655,0.9958440173130177,0.9944368987972225,-0.15110050978164977,0.8609064591071057,0.7598485887620132,0.9943190206035218,0.680749394169954,0.8938965227377531
EN_MAT_DOMCMPC             NFO            ,0.9129336016322511,0.9638081121092276,0.8405245791965618,0.8348384591303778,0.8351653952341167,0.8731331357448803,0.7725277682724208,0.9638460556607784,-0.5877433810330734,0.9988313660767052,1.0,-0.37051665394905653,-0.9335670910834712,-0.8789448308421657,0.9714881870629498,-0.8898795559345577,-0.7212947722314204,0.6056816104363208,-0.43740116459611006,0.8296778170558612,0.15692195712020274,0.21421873622556775,0.5387124471996163,0.961108919998157,-0.9565128715217673,0.9952583820232499,0.998010703101936,-0.5089921865154335,-0.9442674046909055,-0.9228073683378974,0.931988836392233,-0.9184779849800193,-0.929232046242097,0.9491528303173211,0.9074034409648681,0.8405622302227365,0.899863240159721,0.9135509270418254,0.8914633356988185,0.9647183248237289,0.8463376278001389,0.9961633866886049,0.996638281802913,-0.10653603927270415,0.869306394005878,0.7869832510067828,0.995542745609326,0.7052777226879341,0.8907578070421359
EN_MAT_DOMCMPC             NMA            ,-0.4867766165233421,-0.5903060929157412,-0.8030876665993884,-0.3107511781030254,-0.805914053087574,-0.763127719595599,-0.8041300194571434,-0.314353726815607,0.7129855476898674,-0.4095029493490397,-0.37051665394905653,1.0,0.5419724582170173,0.7063468897252076,-0.2731846747414781,0.7509271567100546,0.027695644222244405,-0.6605915932708816,-0.546764809462676,-0.305347229230539,-0.9414700095169438,-0.9271577989620894,-0.81253393566562,-0.28837641338571346,0.6055908336562864,-0.39303095859020165,-0.35055262835839707,0.9868490009850006,0.5288574879146596,0.6164727209093168,-0.20787826856112468,0.655684175586083,0.40144850287228356,-0.5346873266985833,-0.6214654358632591,-0.31636838654155575,-0.6468866823405632,-0.6206537839994071,-0.7453295000436657,-0.3379776106365027,-0.36888656953629717,-0.42135058292086836,-0.38679538532356444,0.9560935098795335,-0.40617474912571233,0.020510949640042134,-0.3269171430510191,-0.08850640464246554,-0.5840195283244146
EN_MAT_DOMCMPC             NMC            ,-0.9947728656977208,-0.9714343044889626,-0.9284949302190835,-0.8890519526148066,-0.9300425788279933,-0.9488388456709693,-0.750949062927149,-0.9209123572221081,0.48505200353064226,-0.934739928968809,-0.9335670910834712,0.5419724582170173,1.0,0.9777083606348731,-0.8244686254879936,0.9176643761630631,0.7413347766883256,-0.48023702461016077,0.3576296057528666,-0.8819442956254298,-0.2895979205372497,-0.3119539525640391,-0.4915617122696794,-0.9021187420397575,0.9726104890647094,-0.9081182905075504,-0.9107026941454994,0.6696138483519667,0.9979919809014409,0.9939920103444532,-0.7430052414804836,0.9852947200013406,0.9687674872022158,-0.9984467254261389,-0.9948414144782072,-0.9000065304351017,-0.9913244003295,-0.9952894484742779,-0.9049184699708029,-0.943841065366961,-0.9559759868241778,-0.9612318084959934,-0.9574697966941215,0.27259517421070256,-0.9713890990255973,-0.8136262205029148,-0.8964627194981266,-0.8172774261110229,-0.9836833303611657
EN_MAT_DOMCMPC             NMM            ,-0.9595082475442717,-0.9657378911033772,-0.9827296727736914,-0.8264430025809089,-0.9847347800658046,-0.9898799720115148,-0.83347512521649,-0.8542220524878626,0.5867603225632251,-0.8896747345101166,-0.8789448308421657,0.7063468897252076,0.9777083606348731,1.0,-0.7627506672803329,0.9605860311609071,0.6312893464609703,-0.5696230768821606,0.16458884242424304,-0.8191050361781007,-0.4791752253180461,-0.49444189288193446,-0.6171083137745885,-0.831903821752587,0.9705445471342882,-0.8631437241034211,-0.8547049251409368,0.810573056270106,0.9727385981834387,0.99125961722421,-0.6778291792475366,0.9937332663410837,0.9162744022946615,-0.9745822866985817,-0.9932242555294818,-0.8370747780818294,-0.9966123391684405,-0.9933992942296039,-0.9484572194936901,-0.8794350154423082,-0.8973612245057477,-0.9149410507379546,-0.9031382327106032,0.4684825583331841,-0.9196640431514171,-0.6801756330338977,-0.8368046520204162,-0.710469211911652,-0.9744793636779668
EN_MAT_DOMCMPC             PET            ,0.7904754524150628,0.9003548060426785,0.7423674041805841,0.7383178665958243,0.7332900327165132,0.7786892128671864,0.7640180484732958,0.9231402644147461,-0.652641448038015,0.9713816687665671,0.9714881870629498,-0.2731846747414781,-0.8244686254879936,-0.7627506672803329,1.0,-0.8290033206665983,-0.6444140870187244,0.6808726531358726,-0.4201373842231972,0.7351270536699034,0.10272189715383259,0.17850146349676393,0.5730347745395248,0.9312906621109138,-0.8888403967317124,0.9838510772399385,0.98357962173161,-0.40484452187612774,-0.8438454926890246,-0.8175751351745917,0.9909646142807094,-0.8199248992367151,-0.8355340450421535,0.8513173604919803,0.7903757328603223,0.7392537950213292,0.7826670623224568,0.8003886158688287,0.8403405051841948,0.9082462443699751,0.7018203381738896,0.9479188018199441,0.9491209767965365,-0.03766752029227827,0.7306421656370011,0.6836710242422275,0.9893039669751242,0.5542182699317556,0.7655250687077384
EN_MAT_DOMCMPC             WCH            ,-0.8735301114398822,-0.9702131346553798,-0.9842772905858872,-0.7362984323749298,-0.9816007833664948,-0.988030050160608,-0.9495343147237756,-0.8361051873760471,0.783265232668561,-0.9087874850968688,-0.8898795559345577,0.7509271567100546,0.9176643761630631,0.9605860311609071,-0.8290033206665983,1.0,0.5171450563072341,-0.7725960560837751,0.033162280764604396,-0.7303664152273192,-0.5762032984052723,-0.6121368229285274,-0.7942348540834506,-0.8228876345308933,0.9717355685431922,-0.9002220644315335,-0.8804010948042654,0.8413763617472161,0.919895373798242,0.9480456531011244,-0.7725420270297315,0.966091896434846,0.8471443395743382,-0.9268885440400556,-0.9379331457299211,-0.7423057858489122,-0.9454287582975271,-0.9425076507310948,-0.9982016675152924,-0.8461374204027069,-0.7640974001390877,-0.9099671489580016,-0.8930472028847992,0.5460233428729063,-0.7999014515873295,-0.532252700068419,-0.8681159626568329,-0.5225201231562746,-0.9052168935164052
EN_MAT_DOMCMPC             WOD            ,-0.7728280882692653,-0.6878649559312415,-0.5007309243335357,-0.9553738356489783,-0.5181124678126835,-0.5559909796569034,-0.28084400763492756,-0.8682673114330508,0.021929268154424378,-0.6994156423841857,-0.7212947722314204,0.027695644222244405,0.7413347766883256,0.6312893464609703,-0.6444140870187244,0.5171450563072341,1.0,-0.013276001945711423,0.8101557585165041,-0.9578306609179357,0.30083599509658987,0.29818506498583275,0.030675591329614168,-0.8660915403796993,0.6896622486001934,-0.6630712072003836,-0.6934114381126458,0.1726020485028531,0.7670769951093233,0.7154248207292566,-0.5711911089205887,0.6855759598929907,0.8796761372725169,-0.7489382651987627,-0.6866449557306166,-0.951478345519522,-0.6752951243964326,-0.6914827304893845,-0.49285025302484103,-0.8698225197640957,-0.8157546890999428,-0.7302657453175792,-0.7457765441989704,-0.2282503678404784,-0.8059560887519391,-0.8697131959053073,-0.7042628759006877,-0.8434905248774832,-0.6322043362429203
EN_MAT_DOMCMPG             ALP            ,0.3897245004625005,0.6563354788913551,0.6894343182220233,0.2383156691214986,0.674538430631144,0.6769687347953586,0.9237090742606153,0.4778206709409412,-0.9946934180044902,0.6396669604358581,0.6056816104363208,-0.6605915932708816,-0.48023702461016077,-0.5696230768821606,0.6808726531358726,-0.7725960560837751,-0.013276001945711423,1.0,0.35744793569067657,0.23572097668421255,0.6819110056066021,0.7517160038882057,0.9719342301253936,0.4857324238289466,-0.6508398754866719,0.6749020154807545,0.6325168756952486,-0.6819540878761375,-0.4918305093675203,-0.5398597185290287,0.7057571827391922,-0.5883370666335099,-0.383276780400119,0.5103616908214219,0.5132098200935872,0.2350079936316431,0.5283696473636199,0.524553537566481,0.7979107889941557,0.45565531415620664,0.20437760296383833,0.5876009672579624,0.5622040701855888,-0.6051172652289295,0.26045390267971436,-0.009741225790509254,0.6320136100478232,-0.09497497511124076,0.4718467627935116
EN_MAT_DOMCMPG             BIM            ,-0.4184492807854013,-0.2721395537350632,0.0033143037485453175,-0.6210300794303327,-0.0060937523622594785,-0.06458756104384993,0.20586889396693664,-0.565037066488865,-0.38604058525052093,-0.39550103500819805,-0.43740116459611006,-0.546764809462676,0.3576296057528666,0.16458884242424304,-0.4201373842231972,0.033162280764604396,0.8101557585165041,0.35744793569067657,1.0,-0.6239382949330642,0.7833430093686126,0.768296651160116,0.4836010532180582,-0.5751679208567612,0.2634868701275819,-0.37490163308621166,-0.425968847199033,-0.41125690235753903,0.3806504081885705,0.2844633091226453,-0.39465676105259,0.23319883492404647,0.5323592726093266,-0.3647458836609405,-0.2658912918636337,-0.6187695631122783,-0.2391959324458237,-0.2687254792960013,-0.018440472849473394,-0.5583871877839222,-0.5245486562068143,-0.41703385466524284,-0.45071413911815994,-0.7523388099361408,-0.4943984686316166,-0.7957981747203831,-0.4441524366599654,-0.7096633740224313,-0.25979727956022663
EN_MAT_DOMCMPG             COL            ,0.8942386989226746,0.8490152884986094,0.7238490287701499,0.9998490487907009,0.7389608499904096,0.7659294025432876,0.5229952240759265,0.939183933011837,-0.25356291351261634,0.8197302395594894,0.8296778170558612,-0.305347229230539,-0.8819442956254298,-0.8191050361781007,0.7351270536699034,-0.7303664152273192,-0.9578306609179357,0.23572097668421255,-0.6239382949330642,1.0,-0.018688251650355554,-0.013503762973607534,0.22670678484665524,0.9305018517100464,-0.8533930888854343,0.7835462742530882,0.8002342426935456,-0.4441090153138441,-0.9019968185080431,-0.8755026520596669,0.6509024052705149,-0.858142509527898,-0.9671661309376908,0.8882380858476374,0.8505014511185702,0.998692091742041,0.8457345839134157,0.855068404364994,0.7079465326424461,0.9467552484961851,0.8965502342644938,0.8495442543609532,0.8548856858684114,-0.04162220441420544,0.8993479517236423,0.843563320738044,0.8034464284563764,0.8383232784487257,0.7932517261194587
EN_MAT_DOMCMPG             CPR            ,0.22180239350465195,0.366286284537708,0.6189503437718726,-0.01269992799520436,0.6140112033054582,0.5642707752315599,0.7135142515110069,0.044355309749394944,-0.7231045699170892,0.20182017111725273,0.15692195712020274,-0.9414700095169438,-0.2895979205372497,-0.4791752253180461,0.10272189715383259,-0.5762032984052723,0.30083599509658987,0.6819110056066021,0.7833430093686126,-0.018688251650355554,1.0,0.993970699489174,0.8264738240384749,0.022725329089079177,-0.3782109785858296,0.2027296090837339,0.15113641845191508,-0.8852365311389301,-0.27003985288517246,-0.36892713050020176,0.07130884742738594,-0.41813143607124736,-0.10850213745670993,0.2834737833100938,0.38104088817836623,-0.006437652045419053,0.4085120716762801,0.37973996702708296,0.5809624591560664,0.0629917921325517,0.0852848284640961,0.19729103473632256,0.15921804940513945,-0.9791185573554276,0.12699987018671116,-0.2977665406502295,0.1262488232595465,-0.2014695291567181,0.36303443563507415
EN_MAT_DOMCMPG             CRO            ,0.23832002101711364,0.40485397287721775,0.6390424273452231,-0.0073116804876048,0.6311690582554865,0.5869624393624905,0.7608935798522052,0.08548817336202401,-0.7852871581968422,0.2592871617423809,0.21421873622556775,-0.9271577989620894,-0.3119539525640391,-0.49444189288193446,0.17850146349676393,-0.6121368229285274,0.29818506498583275,0.7517160038882057,0.768296651160116,-0.013503762973607534,0.993970699489174,1.0,0.8754062995141884,0.06712321592458535,-0.41407446025733663,0.2666593611708762,0.21417411373878448,-0.8774041986747539,-0.2942977992744058,-0.3896687730017536,0.15669728673385094,-0.44051449392262326,-0.1289301730050665,0.3101274797821578,0.39912376256065335,-0.0012918511303277348,0.4254036385048739,0.39916615349573203,0.6211129407065404,0.09968454666521386,0.08957994331806561,0.24702923711296118,0.20939150093784495,-0.9570778791830451,0.13488134999545176,-0.28077661695001105,0.19090445978378084,-0.2082237074271794,0.3826146943691802
EN_MAT_DOMCMPG             FEO            ,0.40246281357596697,0.6476254161702665,0.7464785189355541,0.2301891253515512,0.7353879716727829,0.7221272995526378,0.9426307766405332,0.41902722094479705,-0.9858397606405228,0.5781540903368036,0.5387124471996163,-0.81253393566562,-0.4915617122696794,-0.6171083137745885,0.5730347745395248,-0.7942348540834506,0.030675591329614168,0.9719342301253936,0.4836010532180582,0.22670678484665524,0.8264738240384749,0.8754062995141884,1.0,0.41778954367804766,-0.6485499456189588,0.6022592253972411,0.5548206303338308,-0.8169196652841467,-0.49654489968867876,-0.5632630631414602,0.5765117897699034,-0.6144391630979809,-0.3705070530539172,0.5128110363437511,0.5438556521215582,0.2288659656355533,0.5642630775941262,0.552434774144509,0.8144135480319576,0.4079873435553314,0.22033300621146282,0.5392528572328644,0.5081919350782751,-0.7717061296838817,0.2757297428310797,-0.06646846364709803,0.5474764954681314,-0.0983289238714751,0.5005005803867363
EN_MAT_DOMCMPG             FOF            ,0.8903956933040724,0.928548634802709,0.7685916643079534,0.9316230241481708,0.7721383672432613,0.8122702656123868,0.6783488813445101,0.9988191297115048,-0.4795399435484984,0.9551041830213367,0.961108919998157,-0.28837641338571346,-0.9021187420397575,-0.831903821752587,0.9312906621109138,-0.8228876345308933,-0.8660915403796993,0.4857324238289466,-0.5751679208567612,0.9305018517100464,0.022725329089079177,0.06712321592458535,0.41778954367804766,1.0,-0.9244089185645203,0.9432907122416386,0.9527104061616406,-0.4339784004674128,-0.9250899925253658,-0.8948787135720837,0.883736967429412,-0.8867962250838876,-0.9610836742089427,0.9212732997064552,0.8646478795376661,0.9305427118632666,0.857745644348315,0.8730021697372972,0.8172216919961606,0.9927937107435413,0.8445005364481606,0.9569316174701505,0.9610810224820612,-0.022340427867533808,0.8612633322848501,0.8153451232805917,0.9590805770003185,0.738044972014694,0.8178634287646227
EN_MAT_DOMCMPG             GBO            ,-0.9451846823551217,-0.9995221812975823,-0.9532870389816246,-0.8586124660005087,-0.9533090099780069,-0.9720905169904286,-0.8653936678626724,-0.9358854033752662,0.6578139316304794,-0.9650205497556765,-0.9565128715217673,0.6055908336562864,0.9726104890647094,0.9705445471342882,-0.8888403967317124,0.9717355685431922,0.6896622486001934,-0.6508398754866719,0.2634868701275819,-0.8533930888854343,-0.3782109785858296,-0.41407446025733663,-0.6485499456189588,-0.9244089185645203,1.0,-0.9504086450317129,-0.9433347855731617,0.7240853366880463,0.9797340243470465,0.9852877680530889,-0.8257056612091321,0.9899116077840306,0.9444111462986731,-0.9820076257044537,-0.9717479781459383,-0.8641977850904349,-0.9729338647184149,-0.9764702310733414,-0.9671708835729335,-0.9453447750387949,-0.8663241487275911,-0.9729261172049838,-0.9642821560602554,0.3594545469533872,-0.8932908903356507,-0.7016177596185124,-0.9350861130115882,-0.6771385120189605,-0.9392052294159468
EN_MAT_DOMCMPG             MEO            ,0.878519359407469,0.9586931447856554,0.8408542996830654,0.7885977180365817,0.8333471918481639,0.8707094106851146,0.8114337453706391,0.9436949641836005,-0.6549288057421875,0.9973354021975795,0.9952583820232499,-0.39303095859020165,-0.9081182905075504,-0.8631437241034211,0.9838510772399385,-0.9002220644315335,-0.6630712072003836,0.6749020154807545,-0.37490163308621166,0.7835462742530882,0.2027296090837339,0.2666593611708762,0.6022592253972411,0.9432907122416386,-0.9504086450317129,1.0,0.9983079087819914,-0.5245854167149017,-0.9198235406284526,-0.9030073623681685,0.9540110461263954,-0.9040919508289132,-0.8946236117282873,0.9269518464731351,0.8852964927529643,0.7934316071347964,0.879254867890724,0.8925304614837694,0.905898668266364,0.9405828621406079,0.7955204811118759,0.9868687838008617,0.98519190281434,-0.14291572754435544,0.8231671079101543,0.7272079022772696,0.9967041293751698,0.6345022482444346,0.8669232614234148
EN_MAT_DOMCMPG             NFO            ,0.8863496708512711,0.9520257025826526,0.8220400813671838,0.8052437402433995,0.815033781271999,0.8549281185220662,0.7770325491743121,0.953048262772456,-0.6107237507070987,0.9973042440244467,0.998010703101936,-0.35055262835839707,-0.9107026941454994,-0.8547049251409368,0.98357962173161,-0.8804010948042654,-0.6934114381126458,0.6325168756952486,-0.425968847199033,0.8002342426935456,0.15113641845191508,0.21417411373878448,0.5548206303338308,0.9527104061616406,-0.9433347855731617,0.9983079087819914,1.0,-0.48734017135395674,-0.9225444852268125,-0.9001689622914808,0.9521963961696565,-0.8975693710503555,-0.9054814490271466,0.9287783148069618,0.8831165131633084,0.8103751894614974,0.875338539052869,0.8900304380549199,0.8848444905994443,0.9506143917224669,0.8131261915303423,0.989244640630323,0.9897565915624071,-0.09284727420487893,0.8379014457604489,0.7627672733558473,0.9988635683114707,0.6685176313835576,0.8670996078623892
EN_MAT_DOMCMPG             NMA            ,-0.6188509691377772,-0.7102892293167752,-0.8871734687405384,-0.44994616674449195,-0.8902520256559121,-0.85639742136289,-0.8586140072076323,-0.45983055672076645,0.7297747941836128,-0.5438212439764087,-0.5089921865154335,0.9868490009850006,0.6696138483519667,0.810573056270106,-0.40484452187612774,0.8413763617472161,0.1726020485028531,-0.6819540878761375,-0.41125690235753903,-0.4441090153138441,-0.8852365311389301,-0.8774041986747539,-0.8169196652841467,-0.4339784004674128,0.7240853366880463,-0.5245854167149017,-0.48734017135395674,1.0,0.6588974305805516,0.7354706328810223,-0.33234345944091703,0.7690108410890093,0.5429346419613407,-0.6638304717505431,-0.7383231066606303,-0.456351945052856,-0.7603573624815785,-0.7380986325953655,-0.83428708996423,-0.4838470963037252,-0.5056164902033772,-0.558320076376636,-0.5270027605397803,0.8969307483690822,-0.5419844508021128,-0.1349094729486914,-0.46457685538819393,-0.22972529373376466,-0.7003328041773009
EN_MAT_DOMCMPG             NMC            ,-0.9907220657449548,-0.9785638655358109,-0.9229646698005348,-0.908165800980431,-0.9253977717843742,-0.9461006569987629,-0.7570041344765763,-0.9415382052407505,0.49776688647995976,-0.945259432394247,-0.9442674046909055,0.5288574879146596,0.9979919809014409,0.9727385981834387,-0.8438454926890246,0.919895373798242,0.7670769951093233,-0.4918305093675203,0.3806504081885705,-0.9019968185080431,-0.27003985288517246,-0.2942977992744058,-0.49654489968867876,-0.9250899925253658,0.9797340243470465,-0.9198235406284526,-0.9225444852268125,0.6588974305805516,1.0,0.9942800046645556,-0.7649880913082446,0.986505460426351,0.9794910509195881,-0.999386790453885,-0.989830375893827,-0.9171335864464198,-0.9866132455697495,-0.9915192456111914,-0.9079609325729443,-0.960546380474382,-0.9487469711558104,-0.9687493970349268,-0.9653387431410397,0.25908126835604894,-0.9650504114821614,-0.8133437773497045,-0.9111334471848709,-0.8087890499724996,-0.9707185496238456
EN_MAT_DOMCMPG             NMM            ,-0.9802332465060303,-0.9822757091974028,-0.9573069229819658,-0.8818879559361168,-0.9599346264617754,-0.9737766580501134,-0.8037806833405672,-0.9133633483683722,0.5519946219535206,-0.9286467020336735,-0.9228073683378974,0.6164727209093168,0.9939920103444532,0.99125961722421,-0.8175751351745917,0.9480456531011244,0.7154248207292566,-0.5398597185290287,0.2844633091226453,-0.8755026520596669,-0.36892713050020176,-0.3896687730017536,-0.5632630631414602,-0.8948787135720837,0.9852877680530889,-0.9030073623681685,-0.9001689622914808,0.7354706328810223,0.9942800046645556,1.0,-0.7362562320573839,0.9977608466723534,0.9593401260661638,-0.9944289320294947,-0.9963957368336693,-0.890874637446704,-0.9966265355625897,-0.9978856500770751,-0.9362911444342426,-0.9338925129151375,-0.9263418336939311,-0.9518600289017296,-0.9443411290164317,0.3607121036276261,-0.9461921302447535,-0.7517477303423594,-0.8866594207554731,-0.7610998009039115,-0.9737866383693207
EN_MAT_DOMCMPG             PET            ,0.7029802265354086,0.8398738796798519,0.6683559523897036,0.6534209746983399,0.6563987047422414,0.70510128415374,0.7379588013374022,0.8702053782719439,-0.670143684082836,0.9322675753199586,0.931988836392233,-0.20787826856112468,-0.7430052414804836,-0.6778291792475366,0.9909646142807094,-0.7725420270297315,-0.5711911089205887,0.7057571827391922,-0.39465676105259,0.6509024052705149,0.07130884742738594,0.15669728673385094,0.5765117897699034,0.883736967429412,-0.8257056612091321,0.9540110461263954,0.9521963961696565,-0.33234345944091703,-0.7649880913082446,-0.7362562320573839,1.0,-0.7416999512062254,-0.7562731361977773,0.7746598897183422,0.7055477426890442,0.6526623833128998,0.6973419757234076,0.717026876512161,0.7894437021265056,0.8480516836515016,0.6048646334170911,0.8979649642929186,0.8997278875570702,0.006545354909829755,0.6360449845638559,0.6120047811118275,0.9612862186502918,0.4585284691374198,0.6817212749259911
EN_MAT_DOMCMPG             WCH            ,-0.9652201552572549,-0.9866693994305301,-0.9712660110581214,-0.8642537247496535,-0.9735453328585271,-0.9851568605143648,-0.8394726329996891,-0.9044895336609067,0.6020064469239687,-0.9272936177939597,-0.9184779849800193,0.655684175586083,0.9852947200013406,0.9937332663410837,-0.8199248992367151,0.966091896434846,0.6855759598929907,-0.5883370666335099,0.23319883492404647,-0.858142509527898,-0.41813143607124736,-0.44051449392262326,-0.6144391630979809,-0.8867962250838876,0.9899116077840306,-0.9040919508289132,-0.8975693710503555,0.7690108410890093,0.986505460426351,0.9977608466723534,-0.7416999512062254,1.0,0.9452557379474208,-0.987502938637611,-0.992026900207887,-0.8722908707204535,-0.9942320075974072,-0.9942355080794496,-0.9556108153301223,-0.9229702209942559,-0.8998162008137162,-0.9467800937296458,-0.9370063939556201,0.4094675426129032,-0.9230131667955673,-0.7086625577397077,-0.8844437211544186,-0.7169694069742584,-0.9646903571632888
EN_MAT_DOMCMPG             WOD            ,-0.9712792761531315,-0.9431098577136479,-0.8408653981583943,-0.9707427170810761,-0.847960525370728,-0.8756098058578677,-0.65784771932306,-0.9730307355469783,0.39046953414275354,-0.923578503571846,-0.929232046242097,0.40144850287228356,0.9687674872022158,0.9162744022946615,-0.8355340450421535,0.8471443395743382,0.8796761372725169,-0.383276780400119,0.5323592726093266,-0.9671661309376908,-0.10850213745670993,-0.1289301730050665,-0.3705070530539172,-0.9610836742089427,0.9444111462986731,-0.8946236117282873,-0.9054814490271466,0.5429346419613407,0.9794910509195881,0.9593401260661638,-0.7562731361977773,0.9452557379474208,1.0,-0.9734268454496934,-0.9453272101536572,-0.9755633906730137,-0.9396766448973497,-0.948575207970795,-0.8316991884578611,-0.9860246322369387,-0.950127283769768,-0.9486597198389654,-0.9507401125186595,0.12302062826501627,-0.9601380856498815,-0.8669205928603873,-0.9012415350030023,-0.8514056604429961,-0.911940231987183
EN_MAT_DOMCMPT             ALP            ,0.9895799489916136,0.9815362169532919,0.9283284526083041,0.8947611512902633,0.9296067499059135,0.9504468283144367,0.7687110657803362,0.9376502532746087,-0.5139325419185351,0.9507429490785451,0.9491528303173211,-0.5346873266985833,-0.9984467254261389,-0.9745822866985817,0.8513173604919803,-0.9268885440400556,-0.7489382651987627,0.5103616908214219,-0.3647458836609405,0.8882380858476374,0.2834737833100938,0.3101274797821578,0.5128110363437511,0.9212732997064552,-0.9820076257044537,0.9269518464731351,0.9287783148069618,-0.6638304717505431,-0.999386790453885,-0.9944289320294947,0.7746598897183422,-0.987502938637611,-0.9734268454496934,1.0,0.9912077486330271,0.9042849933014341,0.9879095590466207,0.9928330283503758,0.9157544658156909,0.9567383243765302,0.9441841194115695,0.9728360490097501,0.9690369775459496,-0.2659257254447813,0.9614855348545431,0.8069974852884877,0.9167221659065588,0.7997585845615636,0.9750250395265856
EN_MAT_DOMCMPT             BIM            ,0.9850767431005585,0.968866729894,0.957592489439582,0.8581157489937076,0.9591148428271526,0.9710792738339628,0.7855053086840166,0.886153943940236,-0.5232852681435394,0.9127755157260498,0.9074034409648681,-0.6214654358632591,-0.9948414144782072,-0.9932242555294818,0.7903757328603223,-0.9379331457299211,-0.6866449557306166,0.5132098200935872,-0.2658912918636337,0.8505014511185702,0.38104088817836623,0.39912376256065335,0.5438556521215582,0.8646478795376661,-0.9717479781459383,0.8852964927529643,0.8831165131633084,-0.7383231066606303,-0.989830375893827,-0.9963957368336693,0.7055477426890442,-0.992026900207887,-0.9453272101536572,0.9912077486330271,1.0,0.8698016100739612,0.9993800287817072,0.9997670365146141,0.924900032977484,0.9119701623275688,0.9378527814746865,0.9404269576496532,0.9330120664078281,-0.3649542739955967,0.9557910262211844,0.759124336335276,0.8660060703695798,0.7786990132683627,0.988685768237984
EN_MAT_DOMCMPT             COL            ,0.9138396197587739,0.8600339409736629,0.7408400384195899,0.9994156147359166,0.7550050429626644,0.7816324463961859,0.5293662447323868,0.9410117829794178,-0.251391009709016,0.8304468505254186,0.8405622302227365,-0.31636838654155575,-0.9000065304351017,-0.8370747780818294,0.7392537950213292,-0.7423057858489122,-0.951478345519522,0.2350079936316431,-0.6187695631122783,0.998692091742041,-0.006437652045419053,-0.0012918511303277348,0.2288659656355533,0.9305427118632666,-0.8641977850904349,0.7934316071347964,0.8103751894614974,-0.456351945052856,-0.9171335864464198,-0.890874637446704,0.6526623833128998,-0.8722908707204535,-0.9755633906730137,0.9042849933014341,0.8698016100739612,1.0,0.8644019120015046,0.8734940547778465,0.7196863252040152,0.9516154856255995,0.9180179930932558,0.8624508089956324,0.8677804898445198,-0.047489708692030654,0.9203562392005171,0.8611715993411474,0.8113850348323628,0.8597148227524667,0.8191938203300119
EN_MAT_DOMCMPT             CPR            ,0.9792231399794606,0.9693741572352379,0.9658160683545477,0.8531794155056981,0.9677308617163332,0.9776817976697533,0.7995372402547888,0.8794674313307188,-0.5409249608630222,0.9067555254123334,0.899863240159721,-0.6468866823405632,-0.9913244003295,-0.9966123391684405,0.7826670623224568,-0.9454287582975271,-0.6752951243964326,0.5283696473636199,-0.2391959324458237,0.8457345839134157,0.4085120716762801,0.4254036385048739,0.5642630775941262,0.857745644348315,-0.9729338647184149,0.879254867890724,0.875338539052869,-0.7603573624815785,-0.9866132455697495,-0.9966265355625897,0.6973419757234076,-0.9942320075974072,-0.9396766448973497,0.9879095590466207,0.9993800287817072,0.8644019120015046,1.0,0.9993211484244005,0.9324097475405373,0.9050108863324685,0.9279190778891454,0.9339042419845975,0.9252265890780134,-0.3953611915097027,0.9470575091382742,0.7377345866743582,0.8581613464165707,0.7608426742063773,0.9849955346255688
EN_MAT_DOMCMPT             CRO            ,0.9841269541854111,0.9737398425560932,0.9588244507797782,0.862423641914581,0.9603870565322311,0.9729962344074234,0.7930984704689883,0.8936379940038662,-0.5345651865053711,0.9191322913053926,0.9135509270418254,-0.6206537839994071,-0.9952894484742779,-0.9933992942296039,0.8003886158688287,-0.9425076507310948,-0.6914827304893845,0.524553537566481,-0.2687254792960013,0.855068404364994,0.37973996702708296,0.39916615349573203,0.552434774144509,0.8730021697372972,-0.9764702310733414,0.8925304614837694,0.8900304380549199,-0.7380986325953655,-0.9915192456111914,-0.9978856500770751,0.717026876512161,-0.9942355080794496,-0.948575207970795,0.9928330283503758,0.9997670365146141,0.8734940547778465,0.9993211484244005,1.0,0.9299891654381041,0.9179999914061169,0.9343914801479907,0.9452502576208746,0.9377647344640753,-0.3642718594363,0.9530545863407619,0.756795700256695,0.873787943451544,0.7727541118683933,0.986027884956223
